633, 181, 
361, 313, 
192, 798, 
539, 776, 
472, 219, 
249, 431, 
814, 466, 
605, 887, 
128, 114, 
638, 796, 
815, 521, 
993, 946, 
990, 240, 
971, 895, 
634, 223, 
197, 160, 
713, 546, 
903, 697, 
568, 315, 
324, 145, 
837, 66, 
72, 348, 
580, 501, 
971, 654, 
260, 528, 
179, 665, 
639, 561, 
5, 441, 
900, 798, 
220, 420, 
996, 43, 
799, 1, 
481, 422, 
233, 103, 
265, 614, 
86, 626, 
53, 855, 
486, 507, 
672, 725, 
993, 993, 
124, 627, 
428, 461, 
590, 61, 
636, 194, 
683, 505, 
128, 841, 
555, 766, 
625, 276, 
963, 370, 
108, 561, 
138, 560, 
53, 111, 
8, 577, 
349, 931, 
340, 860, 
214, 400, 
84, 32, 
797, 875, 
367, 79, 
897, 330, 
320, 634, 
556, 975, 
783, 388, 
781, 2, 
891, 519, 
867, 859, 
322, 26, 
462, 750, 
668, 205, 
32, 27, 
33, 598, 
881, 66, 
482, 57, 
227, 476, 
184, 88, 
385, 115, 
14, 521, 
775, 692, 
873, 787, 
937, 242, 
729, 227, 
342, 413, 
568, 462, 
185, 120, 
376, 822, 
352, 918, 
518, 445, 
346, 770, 
902, 674, 
320, 746, 
488, 771, 
3, 403, 
71, 927, 
150, 763, 
110, 301, 
63, 702, 
651, 756, 
729, 406, 
55, 720, 
320, 943, 
222, 839, 
59, 600, 
669, 350, 
704, 831, 
219, 889, 
842, 86, 
755, 433, 
22, 619, 
625, 819, 
547, 854, 
975, 812, 
285, 933, 
204, 810, 
576, 880, 
902, 359, 
362, 206, 
139, 943, 
486, 116, 
432, 180, 
805, 417, 
859, 314, 
742, 670, 
421, 135, 
372, 369, 
532, 221, 
893, 593, 
985, 414, 
168, 468, 
128, 362, 
962, 802, 
382, 852, 
165, 945, 
39, 800, 
240, 997, 
556, 55, 
670, 394, 
872, 672, 
983, 604, 
182, 386, 
916, 70, 
967, 719, 
107, 762, 
785, 208, 
975, 343, 
923, 291, 
146, 654, 
177, 772, 
35, 357, 
707, 455, 
157, 334, 
675, 54, 
960, 386, 
252, 274, 
778, 250, 
273, 484, 
381, 914, 
117, 514, 
476, 451, 
975, 954, 
119, 523, 
56, 94, 
723, 818, 
401, 240, 
205, 592, 
863, 27, 
613, 230, 
844, 311, 
35, 798, 
827, 246, 
574, 171, 
326, 378, 
617, 624, 
662, 960, 
61, 969, 
380, 414, 
786, 121, 
836, 742, 
195, 718, 
893, 106, 
446, 483, 
870, 896, 
341, 241, 
466, 761, 
748, 481, 
99, 80, 
339, 857, 
202, 14, 
90, 842, 
794, 492, 
233, 503, 
721, 740, 
301, 825, 
958, 612, 
628, 9, 
671, 22, 
518, 665, 
903, 974, 
269, 831, 
560, 487, 
307, 735, 
467, 333, 
138, 395, 
529, 189, 
492, 888, 
835, 53, 
848, 599, 
736, 986, 
930, 961, 
845, 397, 
582, 72, 
367, 969, 
144, 736, 
942, 609, 
346, 774, 
970, 856, 
794, 178, 
608, 62, 
560, 513, 
637, 853, 
208, 43, 
727, 994, 
325, 651, 
372, 453, 
907, 921, 
850, 760, 
856, 997, 
718, 70, 
312, 252, 
795, 842, 
467, 689, 
545, 420, 
115, 178, 
522, 495, 
179, 748, 
606, 269, 
733, 447, 
857, 430, 
510, 480, 
678, 667, 
426, 625, 
995, 556, 
761, 56, 
128, 698, 
927, 561, 
519, 166, 
807, 951, 
485, 716, 
698, 798, 
376, 720, 
538, 312, 
563, 550, 
472, 885, 
584, 460, 
297, 556, 
23, 35, 
351, 900, 
343, 905, 
691, 530, 
609, 585, 
675, 122, 
555, 796, 
456, 774, 
954, 922, 
643, 384, 
265, 771, 
13, 778, 
677, 227, 
192, 470, 
860, 771, 
900, 493, 
249, 991, 
93, 6, 
248, 661, 
315, 514, 
169, 832, 
198, 334, 
482, 363, 
459, 58, 
191, 993, 
942, 16, 
586, 110, 
255, 90, 
337, 433, 
867, 104, 
623, 564, 
33, 685, 
721, 637, 
344, 937, 
953, 342, 
546, 411, 
162, 537, 
740, 424, 
843, 324, 
2, 641, 
255, 349, 
837, 667, 
791, 354, 
227, 943, 
33, 681, 
304, 195, 
166, 975, 
331, 738, 
126, 279, 
833, 828, 
284, 967, 
857, 768, 
252, 374, 
71, 599, 
798, 306, 
640, 370, 
134, 982, 
329, 566, 
840, 505, 
727, 284, 
139, 84, 
689, 124, 
498, 921, 
131, 303, 
830, 986, 
907, 652, 
321, 846, 
455, 72, 
774, 201, 
96, 253, 
526, 606, 
31, 396, 
942, 31, 
648, 842, 
938, 981, 
896, 675, 
125, 761, 
510, 998, 
801, 697, 
329, 960, 
983, 874, 
87605697
